10,289
10,225
10,157
10,201
10,265
10,33
10,17
10,243
10,2
10,3
11,15
11,29
9,5
9,7
9,2
9,3
8,13
8,10
53,4
53,3
53,2
53,1
53,0
52,4
52,3
52,2
52,1
52,0
50,3
50,2
50,1
50,0
49,5
49,4
49,3
49,2
49,1
49,0
48,4
48,3
48,2
48,1
48,0
47,3
47,2
47,1
47,0
45,4
45,3
45,2
45,1
45,0
44,3
44,2
44,1
44,0
20,3
20,2
20,1
19,3
19,2
19,1
12,3
12,2
12,1
11,28
11,27
11,26
11,25
11,24
11,23
11,22
11,21
11,20
11,19
11,18
11,17
11,16
11,14
11,13
11,12
11,11
11,10
11,9
11,8
11,7
11,6
11,5
11,4
11,3
11,2
11,1
10,306
10,305
18,1
10,301
18,3
10,293
10,282
10,280
10,279
10,277
10,266
14,1
10,262
14,3
10,255
13,1
10,249
10,232
13,3
10,227
10,226
10,219
10,217
10,208
10,206
10,164
10,126
